[[0, 0, 3], [1, 0], 0]
[[0, 0, 5], [1, 1, 0], 0]
[[0, 0, 6], [0, 1, 0], 0]
[[0, 1, 6], [1, 1, 0], 1]
[[1, 0, 6], [1, 1, 0], 1]
[[5, 5, 6], [0, 1, 0], 4]
[[0, 0, 7], [1, 0, 0], 0]
[[0, 1, 7], [0, 1, 0], 1]
[[0, 2, 7], [1, 1, 0], 2]
[[1, 0, 7], [0, 1, 0], 1]
[[1, 1, 7], [1, 1, 0], 2]
[[2, 0, 7], [1, 1, 0], 2]
[[5, 6, 7], [1, 1, 0], 4]
[[6, 5, 7], [1, 1, 0], 4]
[[6, 6, 7], [0, 0, 1], 5]
[[0, 0, 9], [1, 1, 1, 0], 0]
[[0, 0, 10], [0, 1, 1, 0], 0]
[[0, 1, 10], [1, 1, 1, 0], 1]
[[1, 0, 10], [1, 1, 1, 0], 1]
[[9, 9, 10], [0, 1, 0, 0], 8]
[[0, 0, 11], [1, 0, 1, 0], 0]
[[0, 1, 11], [0, 1, 1, 0], 1]
[[0, 2, 11], [1, 1, 1, 0], 2]
[[1, 0, 11], [0, 1, 1, 0], 1]
[[1, 1, 11], [1, 1, 1, 0], 2]
[[2, 0, 11], [1, 1, 1, 0], 2]
[[9, 10, 11], [1, 1, 0, 0], 8]
[[10, 9, 11], [1, 1, 0, 0], 8]
[[10, 10, 11], [0, 0, 1, 0], 9]
[[0, 0, 12], [0, 0, 1, 0], 0]
[[0, 1, 12], [1, 0, 1, 0], 1]
[[0, 2, 12], [0, 1, 1, 0], 2]
[[0, 3, 12], [1, 1, 1, 0], 3]
[[1, 0, 12], [1, 0, 1, 0], 1]
[[1, 1, 12], [0, 1, 1, 0], 2]
[[1, 2, 12], [1, 1, 1, 0], 3]
[[2, 0, 12], [0, 1, 1, 0], 2]
[[2, 1, 12], [1, 1, 1, 0], 3]
[[3, 0, 12], [1, 1, 1, 0], 3]
[[9, 11, 12], [0, 0, 1, 0], 8]
[[10, 10, 12], [0, 0, 1, 0], 8]
[[10, 11, 12], [1, 0, 1, 0], 9]
[[11, 9, 12], [0, 0, 1, 0], 8]
[[11, 10, 12], [1, 0, 1, 0], 9]
[[11, 11, 12], [0, 1, 1, 0], 10]
[[0, 0, 13], [1, 1, 0, 0], 0]
[[0, 1, 13], [0, 0, 1, 0], 1]
[[0, 2, 13], [1, 0, 1, 0], 2]
[[0, 3, 13], [0, 1, 1, 0], 3]
[[0, 4, 13], [1, 1, 1, 0], 4]
[[1, 0, 13], [0, 0, 1, 0], 1]
[[1, 1, 13], [1, 0, 1, 0], 2]
[[1, 2, 13], [0, 1, 1, 0], 3]
[[1, 3, 13], [1, 1, 1, 0], 4]
[[2, 0, 13], [1, 0, 1, 0], 2]
[[2, 1, 13], [0, 1, 1, 0], 3]
[[2, 2, 13], [1, 1, 1, 0], 4]
[[3, 0, 13], [0, 1, 1, 0], 3]
[[3, 1, 13], [1, 1, 1, 0], 4]
[[4, 0, 13], [1, 1, 1, 0], 4]
[[9, 12, 13], [1, 0, 1, 0], 8]
[[10, 11, 13], [1, 0, 1, 0], 8]
[[10, 12, 13], [0, 1, 1, 0], 9]
[[11, 10, 13], [1, 0, 1, 0], 8]
[[11, 11, 13], [0, 1, 1, 0], 9]
[[11, 12, 13], [1, 1, 1, 0], 10]
[[12, 9, 13], [1, 0, 1, 0], 8]
[[12, 10, 13], [0, 1, 1, 0], 9]
[[12, 11, 13], [1, 1, 1, 0], 10]
[[12, 12, 13], [0, 0, 0, 1], 11]
[[0, 0, 14], [0, 1, 0, 0], 0]
[[0, 1, 14], [1, 1, 0, 0], 1]
[[0, 2, 14], [0, 0, 1, 0], 2]
[[0, 3, 14], [1, 0, 1, 0], 3]
[[0, 4, 14], [0, 1, 1, 0], 4]
[[0, 5, 14], [1, 1, 1, 0], 5]
[[1, 0, 14], [1, 1, 0, 0], 1]
[[1, 1, 14], [0, 0, 1, 0], 2]
[[1, 2, 14], [1, 0, 1, 0], 3]
[[1, 3, 14], [0, 1, 1, 0], 4]
[[1, 4, 14], [1, 1, 1, 0], 5]
[[2, 0, 14], [0, 0, 1, 0], 2]
[[2, 1, 14], [1, 0, 1, 0], 3]
[[2, 2, 14], [0, 1, 1, 0], 4]
[[2, 3, 14], [1, 1, 1, 0], 5]
[[3, 0, 14], [1, 0, 1, 0], 3]
[[3, 1, 14], [0, 1, 1, 0], 4]
[[3, 2, 14], [1, 1, 1, 0], 5]
[[4, 0, 14], [0, 1, 1, 0], 4]
[[4, 1, 14], [1, 1, 1, 0], 5]
[[5, 0, 14], [1, 1, 1, 0], 5]
[[9, 13, 14], [0, 1, 1, 0], 8]
[[10, 12, 14], [0, 1, 1, 0], 8]
[[10, 13, 14], [1, 1, 1, 0], 9]
[[11, 11, 14], [0, 1, 1, 0], 8]
[[11, 12, 14], [1, 1, 1, 0], 9]
[[11, 13, 14], [0, 0, 0, 1], 10]
[[12, 10, 14], [0, 1, 1, 0], 8]
[[12, 11, 14], [1, 1, 1, 0], 9]
[[12, 12, 14], [0, 0, 0, 1], 10]
[[12, 13, 14], [1, 0, 0, 1], 11]
[[13, 9, 14], [0, 1, 1, 0], 8]
[[13, 10, 14], [1, 1, 1, 0], 9]
[[13, 11, 14], [0, 0, 0, 1], 10]
[[13, 12, 14], [1, 0, 0, 1], 11]
[[13, 13, 14], [0, 1, 0, 1], 12]
[[0, 0, 15], [1, 0, 0, 0], 0]
[[0, 1, 15], [0, 1, 0, 0], 1]
[[0, 2, 15], [1, 1, 0, 0], 2]
[[0, 3, 15], [0, 0, 1, 0], 3]
[[0, 4, 15], [1, 0, 1, 0], 4]
[[0, 5, 15], [0, 1, 1, 0], 5]
[[0, 6, 15], [1, 1, 1, 0], 6]
[[1, 0, 15], [0, 1, 0, 0], 1]
[[1, 1, 15], [1, 1, 0, 0], 2]
[[1, 2, 15], [0, 0, 1, 0], 3]
[[1, 3, 15], [1, 0, 1, 0], 4]
[[1, 4, 15], [0, 1, 1, 0], 5]
[[1, 5, 15], [1, 1, 1, 0], 6]
[[2, 0, 15], [1, 1, 0, 0], 2]
[[2, 1, 15], [0, 0, 1, 0], 3]
[[2, 2, 15], [1, 0, 1, 0], 4]
[[2, 3, 15], [0, 1, 1, 0], 5]
[[2, 4, 15], [1, 1, 1, 0], 6]
[[3, 0, 15], [0, 0, 1, 0], 3]
[[3, 1, 15], [1, 0, 1, 0], 4]
[[3, 2, 15], [0, 1, 1, 0], 5]
[[3, 3, 15], [1, 1, 1, 0], 6]
[[4, 0, 15], [1, 0, 1, 0], 4]
[[4, 1, 15], [0, 1, 1, 0], 5]
[[4, 2, 15], [1, 1, 1, 0], 6]
[[5, 0, 15], [0, 1, 1, 0], 5]
[[5, 1, 15], [1, 1, 1, 0], 6]
[[6, 0, 15], [1, 1, 1, 0], 6]
[[9, 14, 15], [1, 1, 1, 0], 8]
[[10, 13, 15], [1, 1, 1, 0], 8]
[[10, 14, 15], [0, 0, 0, 1], 9]
[[11, 12, 15], [1, 1, 1, 0], 8]
[[11, 13, 15], [0, 0, 0, 1], 9]
[[11, 14, 15], [1, 0, 0, 1], 10]
[[12, 11, 15], [1, 1, 1, 0], 8]
[[12, 12, 15], [0, 0, 0, 1], 9]
[[12, 13, 15], [1, 0, 0, 1], 10]
[[12, 14, 15], [0, 1, 0, 1], 11]
[[13, 10, 15], [1, 1, 1, 0], 8]
[[13, 11, 15], [0, 0, 0, 1], 9]
[[13, 12, 15], [1, 0, 0, 1], 10]
[[13, 13, 15], [0, 1, 0, 1], 11]
[[13, 14, 15], [1, 1, 0, 1], 12]
[[14, 9, 15], [1, 1, 1, 0], 8]
[[14, 10, 15], [0, 0, 0, 1], 9]
[[14, 11, 15], [1, 0, 0, 1], 10]
[[14, 12, 15], [0, 1, 0, 1], 11]
[[14, 13, 15], [1, 1, 0, 1], 12]
[[14, 14, 15], [0, 0, 1, 1], 13]

